# Data file for Hough transforms CircleHT/data/0_circles_w_bg.txt
#
# Boundary coordinates: [xmin,xmax,ymin,ymax] = [-1.000, 1.000,-1.000, 1.000]
# Resolution: [x,y] = [ 0.000, 0.000]
#
# Total number of objects:     0
#
# List of objects:
#
# Number of background hits: 120
#
   0  0.131  0.117 
   1  0.940 -0.336 
   2  0.845 -0.000 
   3 -0.864 -0.068 
   4 -0.843 -0.192 
   5 -0.470  0.316 
   6 -0.342 -0.236 
   7 -0.923  0.590 
   8 -0.465 -0.955 
   9 -0.877  0.136 
  10  0.887 -0.887 
  11 -0.969  0.937 
  12  0.888  0.392 
  13 -0.613 -0.228 
  14  0.229  0.919 
  15  0.725 -0.857 
  16  0.168 -0.942 
  17 -0.549  0.389 
  18  0.329 -0.986 
  19  0.022 -0.002 
  20 -0.261 -0.922 
  21 -0.808 -0.917 
  22  0.971  0.116 
  23  0.545  0.002 
  24 -0.045 -0.130 
  25  0.685 -0.478 
  26  0.202  0.185 
  27 -0.257  0.466 
  28  0.589  0.663 
  29  1.000  0.546 
  30  0.654  0.998 
  31  0.191  0.185 
  32 -0.091 -0.913 
  33  0.501 -0.381 
  34 -0.170 -0.486 
  35 -0.313  0.405 
  36 -0.319 -0.164 
  37  0.639  0.417 
  38 -0.527 -0.867 
  39 -0.213 -0.655 
  40 -0.818  0.927 
  41  0.581 -0.554 
  42 -0.406 -0.583 
  43 -0.874 -0.131 
  44 -0.630  0.794 
  45 -0.360 -0.191 
  46  0.431 -0.466 
  47 -0.276 -0.929 
  48  0.223 -0.305 
  49 -0.885  0.571 
  50  0.664 -0.560 
  51  0.688  0.226 
  52 -0.881  0.396 
  53  0.680 -0.162 
  54 -0.758  0.755 
  55  0.055 -0.445 
  56  0.701  0.624 
  57 -0.471 -0.320 
  58  0.591 -0.261 
  59  0.674  0.218 
  60  0.080  0.740 
  61 -0.226  0.395 
  62  0.648 -0.463 
  63  0.919  0.920 
  64  0.239 -0.242 
  65 -0.036 -0.287 
  66 -0.673  0.086 
  67 -0.352 -0.940 
  68  0.111  0.460 
  69 -0.972 -0.998 
  70 -0.356 -0.381 
  71 -0.575  0.615 
  72 -0.106  0.620 
  73 -0.516 -0.849 
  74 -0.887  0.134 
  75 -0.671 -0.832 
  76 -0.206 -0.549 
  77  0.880  0.992 
  78 -0.591 -0.753 
  79  0.078 -0.695 
  80 -0.994 -0.161 
  81 -0.523  0.855 
  82  0.010 -0.375 
  83 -0.352  0.200 
  84  0.525 -0.783 
  85 -0.473 -0.045 
  86 -0.753 -0.052 
  87 -0.334  0.315 
  88 -0.749 -0.482 
  89  0.131 -0.526 
  90 -0.975 -0.568 
  91  0.713  0.041 
  92 -0.439 -0.104 
  93  0.836 -0.692 
  94  0.414  0.788 
  95 -0.732 -0.877 
  96  0.794  0.815 
  97 -0.318  0.227 
  98 -0.006  0.753 
  99  0.925  0.116 
 100 -0.431  0.902 
 101 -0.837 -0.987 
 102 -0.169  0.572 
 103  0.953  0.731 
 104 -0.402 -0.716 
 105  0.237  0.170 
 106 -0.791 -0.966 
 107  0.654 -0.532 
 108  0.103  0.577 
 109 -0.112  0.577 
 110 -0.039  0.901 
 111  0.348  0.231 
 112 -0.734  0.465 
 113 -0.506  0.133 
 114 -0.907 -0.647 
 115  0.338 -0.676 
 116 -0.891 -0.409 
 117 -0.144 -0.991 
 118  0.497 -0.366 
 119  0.734  0.288 
# End of file CircleHT/data/0_circles_w_bg.txt 
