# Data file for Hough transforms CircleHT/data/0_circles_wo_bg.txt
#
# Boundary coordinates: [xmin,xmax,ymin,ymax] = [-1.000, 1.000,-1.000, 1.000]
# Resolution: [x,y] = [ 0.000, 0.000]
#
# Total number of objects:     0
#
# List of objects:
#
# Number of background hits: 120
#
   0 -0.260 -0.937 
   1 -0.052 -0.037 
   2 -0.634 -0.598 
   3 -0.840 -0.545 
   4 -0.086 -0.789 
   5 -0.070 -0.478 
   6 -0.732 -0.698 
   7 -0.273 -0.745 
   8 -0.464 -0.033 
   9 -0.600 -0.853 
  10 -0.525 -0.751 
  11 -0.508 -0.173 
  12 -0.854 -0.626 
  13 -0.500 -0.553 
  14 -0.560 -0.460 
  15 -0.544 -0.639 
  16 -0.730 -0.145 
  17 -0.788 -0.714 
  18 -0.965 -0.671 
  19 -0.046 -0.716 
  20 -0.445 -0.012 
  21 -0.011 -0.876 
  22 -0.785 -0.722 
  23 -0.735 -0.133 
  24 -0.512 -0.294 
  25 -0.092 -0.958 
  26 -0.095 -0.166 
  27 -0.408 -0.613 
  28 -0.902 -0.571 
  29 -0.328 -0.160 
  30 -0.823 -0.299 
  31 -0.065 -0.639 
  32 -0.153 -0.045 
  33 -0.579 -0.860 
  34 -0.202 -0.525 
  35 -0.827 -0.680 
  36 -0.989 -0.136 
  37 -0.048 -0.119 
  38 -0.440 -0.977 
  39 -0.261 -0.452 
  40 -0.025 -0.609 
  41 -0.124 -0.728 
  42 -0.150 -0.982 
  43 -0.364 -0.840 
  44 -0.279 -0.810 
  45 -0.360 -0.962 
  46 -0.553 -0.069 
  47 -0.511 -0.251 
  48 -0.243 -0.125 
  49 -0.214 -0.739 
  50 -0.849 -0.088 
  51 -0.034 -0.807 
  52 -0.407 -0.574 
  53 -0.959 -0.801 
  54 -0.184 -0.090 
  55 -0.799 -0.824 
  56 -0.039 -0.808 
  57 -0.165 -0.546 
  58 -0.292 -0.524 
  59 -0.119 -0.276 
  60 -0.100 -0.422 
  61 -0.712 -0.319 
  62 -0.166 -0.412 
  63 -0.658 -0.034 
  64 -0.344 -0.563 
  65 -0.112 -0.858 
  66 -0.962 -0.557 
  67 -0.170 -0.222 
  68 -0.450 -0.695 
  69 -0.828 -0.021 
  70 -0.351 -0.131 
  71 -0.984 -0.853 
  72 -0.471 -0.561 
  73 -0.001 -0.149 
  74 -0.938 -0.775 
  75 -0.818 -0.983 
  76 -0.449 -0.311 
  77 -0.779 -0.755 
  78 -0.613 -0.141 
  79 -0.755 -0.882 
  80 -0.487 -0.473 
  81 -0.853 -0.876 
  82 -0.238 -0.264 
  83 -0.998 -0.522 
  84 -0.164 -0.502 
  85 -0.002 -0.274 
  86 -0.698 -0.907 
  87 -0.594 -0.247 
  88 -0.695 -0.776 
  89 -0.218 -0.579 
  90 -0.651 -0.399 
  91 -0.299 -0.586 
  92 -0.876 -0.820 
  93 -0.181 -0.095 
  94 -0.102 -0.495 
  95 -0.337 -0.667 
  96 -0.572 -0.879 
  97 -0.441 -0.938 
  98 -0.680 -0.047 
  99 -0.037 -0.208 
 100 -0.989 -0.940 
 101 -0.550 -0.202 
 102 -0.837 -0.777 
 103 -0.527 -0.793 
 104 -0.487 -0.456 
 105 -0.025 -0.226 
 106 -0.530 -0.454 
 107 -0.124 -0.110 
 108 -0.119 -0.544 
 109 -0.278 -0.919 
 110 -0.898 -0.838 
 111 -0.036 -0.079 
 112 -0.005 -0.877 
 113 -0.759 -0.670 
 114 -0.332 -0.136 
 115 -0.280 -0.176 
 116 -0.417 -0.921 
 117 -0.376 -0.672 
 118 -0.976 -0.024 
 119 -0.591 -0.675 
# End of file CircleHT/data/0_circles_wo_bg.txt 
