# Data file for Hough transforms CircleHT/data/10_circles_w_bg.txt
#
# Boundary coordinates: [xmin,xmax,ymin,ymax] = [-1.000, 1.000,-1.000, 1.000]
# Resolution: [x,y] = [ 0.000, 0.000]
#
# Total number of objects:    10
#
# List of objects:
# * Circle:   20 Points    Radius:  0.480   Center: (-0.251,-0.162)
# * Circle:   19 Points    Radius:  0.902   Center: (-0.230,-0.981)
# * Circle:   16 Points    Radius:  0.230   Center: (-0.544,-0.019)
# * Circle:   17 Points    Radius:  0.332   Center: (-0.826,-0.605)
# * Circle:   20 Points    Radius:  0.265   Center: (-0.339,-0.268)
# * Circle:   18 Points    Radius:  0.754   Center: (-0.822,-0.001)
# * Circle:   19 Points    Radius:  0.647   Center: (-0.143,-0.882)
# * Circle:   16 Points    Radius:  0.632   Center: (-0.762,-0.083)
# * Circle:   17 Points    Radius:  0.554   Center: (-0.924,-0.468)
# * Circle:   13 Points    Radius:  0.297   Center: (-0.655,-0.356)
#
# Number of background hits:  11
#
   0  0.192 -0.344 
   1 -0.013  0.255 
   2 -0.591 -0.500 
   3 -0.058 -0.600 
   4 -0.310  0.314 
   5 -0.440 -0.602 
   6 -0.310 -0.638 
   7 -0.678 -0.380 
   8 -0.070  0.283 
   9 -0.034 -0.589 
  10 -0.565 -0.524 
  11 -0.333 -0.634 
  12 -0.660  0.089 
  13 -0.565  0.201 
  14 -0.485  0.257 
  15 -0.381  0.300 
  16  0.158  0.089 
  17  0.041 -0.542 
  18 -0.073 -0.607 
  19  0.038 -0.544 
  20  0.424 -0.359 
  21  0.517 -0.475 
  22  0.536 -0.504 
  23  0.660 -0.836 
  24 -0.045 -0.098 
  25 -0.453 -0.107 
  26 -0.774 -0.261 
  27 -0.595 -0.243 
  28 -0.721 -0.166 
  29 -0.550 -0.249 
  30 -0.516 -0.247 
  31 -0.655  0.183 
  32 -0.772  0.010 
  33 -0.579  0.208 
  34 -0.621 -0.236 
  35 -0.772  0.013 
  36 -0.329 -0.102 
  37 -0.388 -0.189 
  38 -0.314 -0.017 
  39 -0.554 -0.249 
  40 -0.548 -0.249 
  41 -0.595  0.205 
  42 -0.772  0.011 
  43 -0.494 -0.586 
  44 -0.682 -0.904 
  45 -0.539 -0.438 
  46 -0.968 -0.305 
  47 -0.683 -0.905 
  48 -0.524 -0.744 
  49 -0.806 -0.273 
  50 -0.873 -0.934 
  51 -0.553 -0.795 
  52 -0.601 -0.300 
  53 -0.365 -0.531 
  54 -0.603 -0.276 
  55 -0.483 -0.045 
  56 -0.212 -0.035 
  57 -0.345 -0.003 
  58 -0.259 -0.015 
  59 -0.126 -0.425 
  60 -0.599 -0.319 
  61 -0.579 -0.157 
  62 -0.479 -0.492 
  63 -0.593 -0.195 
  64 -0.119 -0.120 
  65 -0.561 -0.123 
  66 -0.076 -0.300 
  67 -0.108 -0.138 
  68 -0.225 -0.507 
  69 -0.532 -0.449 
  70 -0.489 -0.050 
  71 -0.075 -0.247 
  72 -0.076  0.111 
  73 -0.977 -0.739 
  74 -0.360  0.595 
  75 -0.074  0.091 
  76 -0.874  0.751 
  77 -0.965  0.739 
  78 -0.069 -0.033 
  79 -0.141  0.324 
  80 -0.715  0.745 
  81 -0.068 -0.025 
  82 -0.320  0.562 
  83 -0.815  0.753 
  84  0.495 -0.775 
  85  0.496 -0.983 
  86  0.497 -0.786 
  87  0.503 -0.840 
  88  0.466 -0.663 
  89  0.495 -0.770 
  90 -0.708 -0.566 
  91 -0.447 -0.311 
  92 -0.778 -0.758 
  93 -0.350 -0.268 
  94  0.058 -0.267 
  95 -0.290 -0.251 
  96  0.171 -0.316 
  97 -0.913 -0.696 
  98 -0.360  0.404 
  99 -0.206  0.217 
 100 -0.213  0.229 
 101 -0.803  0.547 
 102 -0.897 -0.700 
 103 -0.256  0.295 
 104 -0.785  0.548 
 105 -0.131 -0.054 
 106 -0.379 -0.368 
 107 -0.437 -0.204 
 108 -0.444 -0.745 
 109 -0.370 -0.478 
 110 -0.750 -0.994 
 111 -0.615 -0.008 
 112 -0.765 -0.999 
 113 -0.580 -0.644 
 114 -0.359 -0.338 
 115 -0.640 -0.653 
 116 -0.367 -0.430 
 117 -0.835 -0.119 
 118 -0.708 -0.064 
 119 -0.420 -0.537 
 120 -0.896 -0.531 
 121 -0.927 -0.235 
 122 -0.405 -0.517 
 123 -0.787 -0.090 
 124 -0.715 -0.065 
 125 -0.506 -0.099 
 126 -0.151 -0.060 
 127 -0.644 -0.558 
 128 -0.791 -0.206 
 129 -0.891 -0.966 
 130 -0.975 -0.170 
 131 -0.547 -0.822 
 132 -0.548 -0.359 
 133 -0.594 -0.484 
 134 -0.016 -0.892 
 135 -0.207 -0.808 
 136 -0.530 -0.542 
# End of file CircleHT/data/10_circles_w_bg.txt 
