# Data file for Hough transforms 3_circles.txt
#
# Boundary coordinates: [xmin,xmax,ymin,ymax] = [-1.000, 1.000,-1.000, 1.000]
# Resolution: [x,y] = [ 0.000, 0.000]
#
# Total number of objects:     3
#
# List of objects:
# * Circle:   16 Points    Radius:  0.719   Center: (-0.342,-0.994)
# * Circle:   11 Points    Radius:  0.563   Center: (-0.821,-0.656)
# * Circle:   25 Points    Radius:  0.892   Center: (-0.261,-0.328)
#
# Number of background hits:  36
#
   0 -0.965 -0.636 
   1 -0.624 -0.332 
   2  0.199 -0.521 
   3  0.241 -0.574 
   4 -0.807 -0.446 
   5 -0.989 -0.681 
   6  0.191 -0.512 
   7  0.376 -0.965 
   8 -0.351 -0.275 
   9 -0.916 -0.561 
  10 -0.085 -0.323 
  11 -0.429 -0.280 
  12 -0.122 -0.310 
  13 -0.702 -0.372 
  14 -0.258 -0.620 
  15 -0.292 -0.462 
  16 -0.289 -0.470 
  17  0.629 -0.283 
  18 -0.701  0.448 
  19  0.442 -0.877 
  20 -0.978  0.202 
  21 -0.681  0.459 
  22  0.009  0.521 
  23  0.060  0.504 
  24  0.612 -0.150 
  25  0.626 -0.240 
  26 -0.404  0.552 
  27 -0.885 -0.966 
  28  0.062  0.503 
  29  0.046  0.509 
  30  0.191  0.440 
  31 -0.206  0.562 
  32  0.529 -0.740 
  33  0.544  0.054 
  34  0.630 -0.296 
  35  0.485 -0.817 
  36 -0.971 -0.885 
  37 -0.325 -0.669 
  38 -0.544 -0.791 
  39 -0.525 -0.038 
  40 -0.448 -0.764 
  41 -0.619 -0.435 
  42 -0.084 -0.245 
  43 -0.234 -0.786 
  44 -0.523 -0.307 
  45 -0.235 -0.261 
  46 -0.492 -0.807 
  47 -0.680 -0.636 
  48 -0.489 -0.849 
  49 -0.613 -0.494 
  50 -0.921 -0.180 
  51 -0.382 -0.447 
  52 -0.633 -0.504 
  53 -0.185 -0.050 
  54 -0.799 -0.702 
  55 -0.372 -0.734 
  56 -0.910 -0.019 
  57 -0.198 -0.326 
  58 -0.668 -0.044 
  59 -0.732 -0.086 
  60 -0.238 -0.968 
  61 -0.191 -0.677 
  62 -0.044 -0.747 
  63 -0.310 -0.108 
  64 -0.078 -0.456 
  65 -0.669 -0.276 
  66 -0.767 -0.642 
  67 -0.736 -0.671 
  68 -0.133 -0.027 
  69 -0.323 -0.064 
  70 -0.485 -0.060 
  71 -0.872 -0.512 
# End of file 3_circles.txt 
