# Data file for Hough transforms CircleHT/data/4_circles_w_bg.txt
#
# Boundary coordinates: [xmin,xmax,ymin,ymax] = [-1.000, 1.000,-1.000, 1.000]
# Resolution: [x,y] = [ 0.000, 0.000]
#
# Total number of objects:     4
#
# List of objects:
# * Circle:   19 Points    Radius:  0.171   Center: (-0.895,-0.849)
# * Circle:   11 Points    Radius:  0.953   Center: (-0.687,-0.059)
# * Circle:   18 Points    Radius:  0.877   Center: (-0.732,-0.447)
# * Circle:   17 Points    Radius:  0.756   Center: (-0.829,-0.587)
#
# Number of background hits:  20
#
   0 -0.860 -0.682 
   1 -0.730 -0.802 
   2 -0.755 -0.948 
   3 -0.754 -0.946 
   4 -0.788 -0.715 
   5 -0.751 -0.941 
   6 -0.754 -0.947 
   7 -0.727 -0.816 
   8 -0.853 -0.683 
   9 -0.729 -0.891 
  10 -0.815 -0.698 
  11 -0.839  0.882 
  12 -0.743  0.893 
  13  0.030  0.569 
  14  0.265 -0.014 
  15  0.045 -0.670 
  16 -0.523  0.405 
  17 -0.682  0.428 
  18  0.144 -0.475 
  19  0.097 -0.162 
  20 -0.029 -0.971 
  21 -0.685  0.429 
  22 -0.931  0.407 
  23  0.134 -0.583 
  24 -0.022  0.068 
  25 -0.107 -0.364 
  26 -0.124 -0.860 
  27 -0.151 -0.921 
  28 -0.337 -0.013 
  29 -0.509 -0.204 
  30 -0.017 -0.459 
  31 -0.637 -0.005 
  32 -0.247 -0.435 
  33 -0.061 -0.713 
  34 -0.441 -0.635 
  35 -0.755 -0.861 
  36 -0.022 -0.309 
  37 -0.954 -0.402 
  38 -0.256 -0.124 
  39 -0.037 -0.665 
  40 -0.431 -0.815 
  41 -0.596 -0.067 
  42 -0.489 -0.441 
  43 -0.127 -0.258 
  44 -0.710 -0.087 
  45 -0.892 -0.561 
  46 -0.966 -0.212 
  47 -0.156 -0.444 
  48 -0.819 -0.790 
# End of file CircleHT/data/4_circles_w_bg.txt 
