# Data file for Hough transforms CircleHT/data/4_circles_wo_bg.txt
#
# Boundary coordinates: [xmin,xmax,ymin,ymax] = [-1.000, 1.000,-1.000, 1.000]
# Resolution: [x,y] = [ 0.000, 0.000]
#
# Total number of objects:     4
#
# List of objects:
# * Circle:   17 Points    Radius:  0.597   Center: (-0.356,-0.836)
# * Circle:   15 Points    Radius:  0.276   Center: (-0.857,-0.692)
# * Circle:   21 Points    Radius:  0.856   Center: (-0.039,-0.650)
# * Circle:   20 Points    Radius:  0.801   Center: (-0.453,-0.172)
#
# Number of background hits:  13
#
   0 -0.823 -0.465 
   1  0.240 -0.884 
   2 -0.365 -0.239 
   3  0.241 -0.802 
   4 -0.312 -0.241 
   5 -0.953 -0.820 
   6  0.225 -0.697 
   7 -0.951 -0.882 
   8 -0.240 -0.250 
   9 -0.582 -0.284 
  10  0.018 -0.371 
  11  0.180 -0.573 
  12 -0.941 -0.718 
  13 -0.640 -0.862 
  14 -0.582 -0.717 
  15 -0.618 -0.554 
  16 -0.606 -0.805 
  17 -0.595 -0.777 
  18 -0.850 -0.967 
  19 -0.664 -0.889 
  20 -0.811 -0.420 
  21 -0.588 -0.633 
  22 -0.588 -0.750 
  23 -0.640 -0.862 
  24 -0.648 -0.872 
  25  0.515  0.003 
  26  0.769 -0.366 
  27  0.087  0.197 
  28 -0.521  0.058 
  29 -0.306  0.164 
  30 -0.646 -0.045 
  31  0.813 -0.737 
  32 -0.422  0.117 
  33  0.801 -0.483 
  34 -0.894 -0.596 
  35 -0.853 -0.916 
  36 -0.885 -0.516 
  37  0.794 -0.848 
  38 -0.064  0.528 
  39 -0.960 -0.791 
  40  0.277  0.158 
  41 -0.002  0.490 
  42  0.345 -0.102 
  43 -0.267  0.607 
  44  0.225  0.256 
  45  0.057 -0.789 
  46 -0.006  0.493 
  47  0.123 -0.728 
  48 -0.811  0.545 
  49 -0.204  0.589 
  50  0.190  0.307 
  51 -0.356  0.623 
  52 -0.937 -0.387 
  53 -0.338 -0.308 
  54 -0.927 -0.827 
  55 -0.454 -0.227 
  56 -0.605 -0.678 
  57 -0.805 -0.177 
  58 -0.663 -0.640 
  59 -0.585 -0.741 
  60 -0.632 -0.084 
  61 -0.705 -0.916 
  62 -0.356 -0.247 
  63 -0.997 -0.626 
  64 -0.980 -0.311 
# End of file CircleHT/data/4_circles_wo_bg.txt 
