# Data file for Hough transforms 5_circles.txt
#
# Boundary coordinates: [xmin,xmax,ymin,ymax] = [-1.000, 1.000,-1.000, 1.000]
# Resolution: [x,y] = [ 0.000, 0.000]
#
# Total number of objects:     5
#
# List of objects:
# * Circle:   24 Points    Radius:  0.669   Center: (-0.446,-0.116)
# * Circle:   23 Points    Radius:  0.657   Center: (-0.365,-0.555)
# * Circle:   21 Points    Radius:  0.565   Center: (-0.194,-0.470)
# * Circle:   14 Points    Radius:  0.839   Center: (-0.694,-0.437)
# * Circle:   19 Points    Radius:  1.039   Center: (-0.506,-0.795)
#
# Number of background hits:  20
#
   0 -0.144  0.481 
   1 -0.388  0.550 
   2  0.151  0.185 
   3  0.217 -0.199 
   4 -0.686  0.509 
   5 -0.437 -0.785 
   6 -0.311 -0.771 
   7 -0.279 -0.763 
   8 -1.000 -0.491 
   9 -0.699 -0.735 
  10  0.113  0.252 
  11 -0.871  0.401 
  12  0.215 -0.216 
  13  0.192  0.085 
  14 -0.262 -0.759 
  15 -0.013 -0.625 
  16  0.001 -0.613 
  17 -0.530  0.548 
  18 -0.475  0.552 
  19 -0.350  0.546 
  20 -0.882  0.391 
  21 -0.490  0.090 
  22  0.187 -0.912 
  23  0.290 -0.503 
  24  0.079 -0.071 
  25 -0.809 -0.071 
  26 -0.311  0.100 
  27  0.218 -0.252 
  28  0.284 -0.662 
  29  0.213 -0.242 
  30 -0.980 -0.323 
  31 -0.289  0.098 
  32  0.224 -0.263 
  33  0.137 -0.131 
  34 -0.977 -0.317 
  35 -0.398  0.101 
  36 -0.307  0.100 
  37 -0.091  0.042 
  38 -0.938 -0.877 
  39 -0.228  0.094 
  40 -0.754 -0.394 
  41 -0.589 -0.874 
  42  0.030  0.048 
  43 -0.638 -0.819 
  44 -0.735 -0.633 
  45  0.297 -0.749 
  46 -0.126  0.091 
  47  0.370 -0.463 
  48 -0.752 -0.560 
  49  0.348 -0.629 
  50 -0.394  0.058 
  51 -0.758 -0.434 
  52  0.087  0.020 
  53  0.198 -0.064 
  54 -0.736 -0.311 
  55 -0.996  0.346 
  56  0.145 -0.421 
  57 -0.036  0.083 
  58 -0.252  0.276 
  59  0.083 -0.119 
  60 -0.710  0.402 
  61  0.359 -0.220 
  62 -0.661  0.233 
  63 -0.023  0.125 
  64 -0.126  0.172 
  65  0.532 -0.773 
  66 -0.624  0.237 
  67 -0.629  0.237 
  68 -0.508  0.244 
  69 -0.845 -0.020 
  70 -0.290 -0.654 
  71 -0.385 -0.807 
  72 -0.583 -0.422 
  73 -0.536 -0.464 
  74 -0.226 -0.130 
  75 -0.108 -0.697 
  76 -0.158 -0.503 
  77 -0.324 -0.929 
  78 -0.125 -0.630 
  79 -0.153 -0.260 
  80 -0.614 -0.811 
  81 -0.054 -0.430 
  82 -0.138 -0.097 
  83 -0.361 -0.322 
  84 -0.953 -0.937 
  85 -0.512 -0.692 
  86 -0.927 -0.838 
  87 -0.657 -0.757 
  88 -0.574 -0.469 
# End of file 5_circles.txt 
